0.000000 349 1 0
0.447125 348 2 0
0.471960 347 3 0
0.551453 346 4 0
0.632112 345 5 0
0.661447 344 6 0
0.681804 343 7 0
0.684178 342 8 0
0.685791 341 9 0
0.706926 340 10 0
0.712158 339 11 0
0.767674 338 12 0
0.775012 338 11 1
0.786924 337 12 1
0.813222 336 13 1
0.845253 335 14 1
0.850736 335 13 2
0.862295 334 14 2
0.886706 334 13 3
0.893890 333 14 3
0.924061 332 15 3
0.933382 331 16 3
0.945969 330 17 3
0.947292 329 18 3
0.970792 328 19 3
0.971042 327 20 3
0.972252 326 21 3
0.977242 325 22 3
0.990771 324 23 3
0.997874 323 24 3
1.002925 322 25 3
1.008516 321 26 3
1.019555 320 27 3
1.023475 319 28 3
1.030830 319 27 4
1.051229 318 28 4
1.087712 317 29 4
1.109421 316 30 4
1.126677 315 31 4
1.127455 314 32 4
1.136006 313 33 4
1.139930 312 34 4
1.140056 311 35 4
1.146877 310 36 4
1.151171 309 37 4
1.159351 308 38 4
1.166175 307 39 4
1.172549 306 40 4
1.175010 305 41 4
1.180408 305 40 5
1.184719 304 41 5
1.196685 303 42 5
1.206861 302 43 5
1.218010 301 44 5
1.221543 300 45 5
1.223087 300 44 6
1.226104 299 45 6
1.229056 298 46 6
1.232848 297 47 6
1.237256 296 48 6
1.239258 295 49 6
1.242094 294 50 6
1.243758 293 51 6
1.246214 292 52 6
1.248590 291 53 6
1.268392 291 52 7
1.269132 290 53 7
1.282878 289 54 7
1.283482 288 55 7
1.287403 287 56 7
1.293842 287 55 8
1.295036 286 56 8
1.295058 286 55 9
1.295504 285 56 9
1.307358 284 57 9
1.320142 283 58 9
1.322842 282 59 9
1.327964 281 60 9
1.354759 281 59 10
1.357751 280 60 10
1.357954 279 61 10
1.365712 278 62 10
1.373164 278 61 11
1.373687 277 62 11
1.377858 276 63 11
1.386426 276 62 12
1.394905 275 63 12
1.400748 274 64 12
1.403496 274 63 13
1.426255 273 64 13
1.435344 272 65 13
1.436402 271 66 13
1.438241 270 67 13
1.439241 269 68 13
1.453051 268 69 13
1.453546 267 70 13
1.455211 266 71 13
1.463652 265 72 13
1.469594 264 73 13
1.475833 263 74 13
1.487887 262 75 13
1.490084 261 76 13
1.494378 260 77 13
1.498209 259 78 13
1.499122 259 77 14
1.500388 258 78 14
1.501166 257 79 14
1.505199 256 80 14
1.506397 255 81 14
1.507627 254 82 14
1.507781 253 83 14
1.517247 252 84 14
1.532505 251 85 14
1.537267 250 86 14
1.537798 249 87 14
1.540553 248 88 14
1.543329 247 89 14
1.554066 247 88 15
1.558828 247 87 16
1.560946 246 88 16
1.565435 246 87 17
1.566207 246 86 18
1.570776 245 87 18
1.588309 245 86 19
1.590432 244 87 19
1.590619 243 88 19
1.591676 242 89 19
1.595673 242 88 20
1.601566 241 89 20
1.604070 240 90 20
1.612694 239 91 20
1.618342 238 92 20
1.621686 238 91 21
1.625750 237 92 21
1.627639 236 93 21
1.628683 235 94 21
1.636299 234 95 21
1.638895 233 96 21
1.646956 232 97 21
1.658682 231 98 21
1.659334 230 99 21
1.659641 229 100 21
1.660685 228 101 21
1.665017 227 102 21
1.665661 226 103 21
1.665926 225 104 21
1.666683 225 103 22
1.668820 224 104 22
1.670019 223 105 22
1.674458 222 106 22
1.675323 221 107 22
1.678185 220 108 22
1.680608 219 109 22
1.685998 218 110 22
1.686726 217 111 22
1.687315 216 112 22
1.688080 215 113 22
1.696756 215 112 23
1.697870 215 111 24
1.700697 214 112 24
1.708178 213 113 24
1.722738 212 114 24
1.723271 211 115 24
1.723765 210 116 24
1.725136 209 117 24
1.726832 208 118 24
1.729971 207 119 24
1.735704 206 120 24
1.739908 205 121 24
1.740683 204 122 24
1.746871 203 123 24
1.755471 202 124 24
1.757675 201 125 24
1.771145 200 126 24
1.772187 199 127 24
1.772964 198 128 24
1.776533 197 129 24
1.777060 196 130 24
1.780749 195 131 24
1.788358 194 132 24
1.789590 193 133 24
1.790908 192 134 24
1.808400 191 135 24
1.810428 191 134 25
1.812355 190 135 25
1.812979 189 136 25
1.813750 189 135 26
1.815386 189 134 27
1.817419 188 135 27
1.819505 187 136 27
1.824229 187 135 28
1.824949 187 134 29
1.825121 186 135 29
1.826093 186 134 30
1.828213 185 135 30
1.839287 184 136 30
1.840362 183 137 30
1.842301 183 136 31
1.847192 182 137 31
1.853597 181 138 31
1.855775 180 139 31
1.856603 179 140 31
1.859885 178 141 31
1.861880 177 142 31
1.869430 176 143 31
1.877471 176 142 32
1.877520 175 143 32
1.891445 174 144 32
1.893926 173 145 32
1.898044 172 146 32
1.900225 171 147 32
1.901970 170 148 32
1.902783 170 147 33
1.905753 170 146 34
1.906144 169 147 34
1.908737 168 148 34
1.910177 167 149 34
1.917933 166 150 34
1.918991 165 151 34
1.920594 165 150 35
1.921297 164 151 35
1.924267 163 152 35
1.928439 162 153 35
1.930200 161 154 35
1.931483 161 153 36
1.932201 160 154 36
1.932708 159 155 36
1.933418 158 156 36
1.936536 157 157 36
1.940430 156 158 36
1.940979 155 159 36
1.941522 155 158 37
1.943336 154 159 37
1.944277 154 158 38
1.946901 154 157 39
1.951410 153 158 39
1.953262 153 157 40
1.953574 152 158 40
1.957667 151 159 40
1.957713 150 160 40
1.957813 149 161 40
1.961882 148 162 40
1.968642 148 161 41
1.972508 147 162 41
1.978051 146 163 41
1.983814 145 164 41
1.991412 145 163 42
1.993100 145 162 43
1.993451 144 163 43
1.997424 143 164 43
1.999382 142 165 43
2.002543 141 166 43
2.003383 141 165 44
2.008023 141 164 45
2.012963 140 165 45
2.013527 140 164 46
2.019366 139 165 46
2.025026 138 166 46
2.025051 137 167 46
2.028199 137 166 47
2.029955 136 167 47
2.035843 136 166 48
2.055858 135 167 48
2.058222 134 168 48
2.060682 133 169 48
2.062804 133 168 49
2.070150 132 169 49
2.071354 132 168 50
2.071708 131 169 50
2.077482 130 170 50
2.087711 129 171 50
2.091796 128 172 50
2.095508 127 173 50
2.097787 127 172 51
2.098774 126 173 51
2.100687 125 174 51
2.103814 124 175 51
2.117676 123 176 51
2.123483 123 175 52
2.125775 122 176 52
2.127483 121 177 52
2.131955 120 178 52
2.132320 119 179 52
2.132694 119 178 53
2.134134 118 179 53
2.134770 118 178 54
2.136091 117 179 54
2.145920 116 180 54
2.149897 115 181 54
2.163183 115 180 55
2.166864 114 181 55
2.168294 113 182 55
2.178391 112 183 55
2.179667 111 184 55
2.182402 110 185 55
2.183137 109 186 55
2.193338 108 187 55
2.193719 107 188 55
2.203517 106 189 55
2.203534 106 188 56
2.211843 106 187 57
2.213356 105 188 57
2.216077 105 187 58
2.225093 105 186 59
2.226611 105 185 60
2.229342 104 186 60
2.232825 103 187 60
2.234180 102 188 60
2.235919 102 187 61
2.236893 102 186 62
2.240677 101 187 62
2.249486 100 188 62
2.257437 99 189 62
2.261239 98 190 62
2.261261 97 191 62
2.263477 97 190 63
2.264996 97 189 64
2.267253 96 190 64
2.286049 95 191 64
2.290108 94 192 64
2.293952 93 193 64
2.297360 92 194 64
2.307615 92 193 65
2.314912 91 194 65
2.324527 90 195 65
2.328806 90 194 66
2.332405 89 195 66
2.340007 89 194 67
2.349792 89 193 68
2.350934 88 194 68
2.354810 87 195 68
2.363216 86 196 68
2.374561 85 197 68
2.377220 85 196 69
2.380236 84 197 69
2.381696 83 198 69
2.383085 82 199 69
2.383997 82 198 70
2.386734 81 199 70
2.386790 80 200 70
2.390714 79 201 70
2.394558 79 200 71
2.399324 79 199 72
2.402305 79 198 73
2.402439 79 197 74
2.408337 79 196 75
2.422903 78 197 75
2.423428 78 196 76
2.429525 78 195 77
2.436774 78 194 78
2.437157 77 195 78
2.445588 77 194 79
2.446000 77 193 80
2.447806 76 194 80
2.449450 75 195 80
2.450022 74 196 80
2.452378 74 195 81
2.452566 73 196 81
2.453076 73 195 82
2.461162 73 194 83
2.463672 73 193 84
2.471826 72 194 84
2.472346 71 195 84
2.475310 70 196 84
2.482578 70 195 85
2.485775 69 196 85
2.491630 68 197 85
2.491894 68 196 86
2.492511 68 195 87
2.506111 68 194 88
2.508113 67 195 88
2.510778 67 194 89
2.513420 66 195 89
2.514548 65 196 89
2.532653 65 195 90
2.533504 65 194 91
2.560545 65 193 92
2.562379 65 192 93
2.569906 64 193 93
2.570165 64 192 94
2.572965 64 191 95
2.575888 63 192 95
2.577214 63 191 96
2.577971 63 190 97
2.581341 63 189 98
2.589166 62 190 98
2.597514 62 189 99
2.601566 61 190 99
2.608941 60 191 99
2.612447 59 192 99
2.621082 59 191 100
2.623812 58 192 100
2.632517 57 193 100
2.633828 57 192 101
2.637949 56 193 101
2.638268 56 192 102
2.640005 56 191 103
2.644374 56 190 104
2.646598 55 191 104
2.647405 55 190 105
2.647906 54 191 105
2.653560 54 190 106
2.659874 53 191 106
2.661181 52 192 106
2.665662 51 193 106
2.667042 51 192 107
2.669311 51 191 108
2.679244 51 190 109
2.689526 50 191 109
2.704572 49 192 109
2.706955 48 193 109
2.713537 48 192 110
2.714566 48 191 111
2.727173 47 192 111
2.730827 46 193 111
2.742922 46 192 112
2.747689 45 193 112
2.751734 45 192 113
2.764922 45 191 114
2.777366 45 190 115
2.779436 45 189 116
2.794706 45 188 117
2.809745 44 189 117
2.811915 43 190 117
2.812749 42 191 117
2.812903 41 192 117
2.822671 40 193 117
2.827337 39 194 117
2.844611 39 193 118
2.848260 38 194 118
2.857921 37 195 118
2.866105 37 194 119
2.866775 36 195 119
2.873048 35 196 119
2.882412 35 195 120
2.899388 34 196 120
2.903919 34 195 121
2.908103 34 194 122
2.909160 34 193 123
2.921615 34 192 124
2.923808 33 193 124
2.925171 32 194 124
2.927966 31 195 124
2.928199 30 196 124
2.939192 29 197 124
2.964254 29 196 125
2.964725 29 195 126
2.967022 29 194 127
2.970533 28 195 127
2.983476 27 196 127
2.988465 26 197 127
3.014462 26 196 128
3.018399 26 195 129
3.021064 26 194 130
3.028166 26 193 131
3.029701 26 192 132
3.047437 25 193 132
3.052761 25 192 133
3.071282 25 191 134
3.078901 24 192 134
3.081884 24 191 135
3.085742 24 190 136
3.089808 23 191 136
3.096452 23 190 137
3.099099 22 191 137
3.101324 22 190 138
3.103021 22 189 139
3.104022 22 188 140
3.111386 21 189 140
3.122080 21 188 141
3.123810 21 187 142
3.125687 20 188 142
3.133618 20 187 143
3.143700 20 186 144
3.179864 20 185 145
3.181565 20 184 146
3.185773 20 183 147
3.188718 20 182 148
3.203579 19 183 148
3.204048 19 182 149
3.208368 19 181 150
3.215242 19 180 151
3.217012 18 181 151
3.237049 18 180 152
3.251421 18 179 153
3.251458 17 180 153
3.252357 17 179 154
3.252706 17 178 155
3.269619 17 177 156
3.283212 17 176 157
3.286443 17 175 158
3.299979 17 174 159
3.304072 17 173 160
3.314688 17 172 161
3.317246 17 171 162
3.332370 17 170 163
3.337450 17 169 164
3.351826 17 168 165
3.352615 16 169 165
3.380423 16 168 166
3.390940 16 167 167
3.392421 16 166 168
3.408857 15 167 168
3.429366 14 168 168
3.438624 14 167 169
3.439643 14 166 170
3.461192 14 165 171
3.461540 14 164 172
3.486089 13 165 172
3.507609 12 166 172
3.513880 12 165 173
3.538019 12 164 174
3.546897 12 163 175
3.549305 12 162 176
3.556903 12 161 177
3.570055 12 160 178
3.593942 12 159 179
3.603591 11 160 179
3.640399 10 161 179
3.648505 9 162 179
3.650079 9 161 180
3.680756 9 160 181
3.696705 9 159 182
3.702163 8 160 182
3.710811 8 159 183
3.721146 8 158 184
3.746479 8 157 185
3.773901 8 156 186
3.778180 8 155 187
3.798707 8 154 188
3.824668 7 155 188
3.843918 7 154 189
3.848781 7 153 190
3.849185 6 154 190
3.869338 5 155 190
3.870617 5 154 191
3.904214 5 153 192
3.908577 5 152 193
3.918132 5 151 194
3.921170 5 150 195
3.924120 5 149 196
3.983464 4 150 196
3.993125 4 149 197
4.020708 4 148 198
4.021381 4 147 199
4.023282 4 146 200
4.024424 4 145 201
4.032411 4 144 202
4.050653 4 143 203
4.058463 4 142 204
4.067215 4 141 205
4.098577 4 140 206
4.101795 4 139 207
4.107175 4 138 208
4.127614 3 139 208
4.131324 3 138 209
4.131981 3 137 210
4.143306 3 136 211
4.147489 3 135 212
4.152039 3 134 213
4.183471 3 133 214
4.192749 3 132 215
4.221468 3 131 216
4.239509 2 132 216
4.254975 2 131 217
4.277364 2 130 218
4.279877 2 129 219
4.295142 2 128 220
4.298710 2 127 221
4.310574 2 126 222
4.330170 2 125 223
4.330596 2 124 224
4.334222 2 123 225
4.393924 2 122 226
4.403190 2 121 227
4.404019 2 120 228
4.434380 2 119 229
4.471462 1 120 229
4.483290 1 119 230
4.516134 1 118 231
4.555258 1 117 232
4.557721 1 116 233
4.565677 1 115 234
4.567387 1 114 235
4.576820 1 113 236
4.578775 1 112 237
4.591226 1 111 238
4.631520 1 110 239
4.639644 1 109 240
4.642094 1 108 241
4.670774 1 107 242
4.673343 1 106 243
4.685330 1 105 244
4.717065 1 104 245
4.734253 1 103 246
4.771274 1 102 247
4.776213 1 101 248
4.782560 1 100 249
4.819629 1 99 250
4.821190 1 98 251
4.827155 1 97 252
4.833807 1 96 253
4.837481 1 95 254
4.867477 1 94 255
4.879535 1 93 256
4.910724 1 92 257
4.916843 1 91 258
4.975895 1 90 259
4.989167 1 89 260
5.024295 1 88 261
5.026221 1 87 262
5.032519 1 86 263
5.089631 1 85 264
5.091855 1 84 265
5.117881 1 83 266
5.134997 1 82 267
5.154758 1 81 268
5.155347 1 80 269
5.183368 1 79 270
5.205517 1 78 271
5.224577 1 77 272
5.269623 1 76 273
5.271875 1 75 274
5.286264 1 74 275
5.321101 1 73 276
5.382415 1 72 277
5.406402 1 71 278
5.409500 1 70 279
5.412448 1 69 280
5.450906 1 68 281
5.478098 1 67 282
5.509876 1 66 283
5.550125 1 65 284
5.568559 1 64 285
5.582093 1 63 286
5.651719 1 62 287
5.666058 1 61 288
5.699257 1 60 289
5.710709 1 59 290
5.770101 1 58 291
5.890516 1 57 292
5.919555 1 56 293
5.967279 1 55 294
5.972425 1 54 295
5.987136 1 53 296
5.989775 1 52 297
6.052598 1 51 298
6.058679 1 50 299
6.143716 1 49 300
6.260279 1 48 301
6.298730 1 47 302
6.505538 1 46 303
6.532707 1 45 304
6.578117 1 44 305
6.828631 1 43 306
7.048161 1 42 307
7.053290 1 41 308
7.142178 0 42 308
7.191793 0 41 309
7.218987 0 40 310
7.295699 0 39 311
7.311564 0 38 312
7.350891 0 37 313
7.364924 0 36 314
7.375384 0 35 315
7.390355 0 34 316
7.443431 0 33 317
7.488680 0 32 318
7.500307 0 31 319
7.532648 0 30 320
7.623898 0 29 321
7.681200 0 28 322
7.763377 0 27 323
7.824157 0 26 324
7.926024 0 25 325
7.998073 0 24 326
8.224104 0 23 327
8.308012 0 22 328
8.364831 0 21 329
8.511976 0 20 330
8.621498 0 19 331
8.764203 0 18 332
8.947216 0 17 333
9.050649 0 16 334
9.131803 0 15 335
9.186027 0 14 336
9.201943 0 13 337
9.319813 0 12 338
9.416365 0 11 339
9.426589 0 10 340
9.541549 0 9 341
9.577300 0 8 342
10.180446 0 7 343
10.210894 0 6 344
10.437275 0 5 345
10.812741 0 4 346
10.847673 0 3 347
11.394215 0 2 348
15.348241 0 1 349
15.932816 0 0 350